bio01.asc
ncols         751
nrows         601
xllcorner     124.5
yllcorner     33
cellsize      0.01
NODATA_value  -9999
[rows 340 to 373 of 601, columns 231 to 307 of 751]
12.92 12.78 12.99 13.07 13.03 13 13.04 13.01 13.02 13 12.96 12.93 12.92 12.9 12.88 12.78 12.66 12.8 12.77 12.66 12.59 12.32 12.17 11.87 11.82 12.21 12.14 11.99 11.76 11.88 11.88 11.32 11.4 11.54 11.33 11.27 11.65 11.48 11.65 11.41 11.43 11.31 11.39 11.59 11.54 11.43 11.62 11.52 11.66 11.57 11.47 11.85 11.51 11.35 11.49 11.42 11.46 11.16 11.11 11.32 11.53 11.29 10.75 10.23 10.22 9.9 9.77 10.08 9.66 10.18 10.28 9.82 9.74 10.08 9.85 9.65 9.21
12.98 13.01 13.07 13.07 13.05 13.04 13.03 13.02 12.98 12.97 12.91 12.85 12.93 12.85 12.86 12.64 12.62 12.77 12.62 12.58 12.4 11.88 11.84 11.78 11.93 12.04 12.12 12.17 12.12 11.93 11.93 11.6 11.07 11.32 11.29 11.08 11.51 11.38 11.45 11.4 11.24 11.35 11.51 11.56 11.43 11.55 11.49 11.51 11.6 11.49 11.65 11.72 11.44 11.57 11.84 11.85 11.8 11.73 11.74 11.77 11.74 11.25 10.85 10.38 10.34 10.28 10.27 9.57 9.78 10.27 10.08 10.12 10.12 9.8 10.17 9.93 9.69
13.02 13.11 13.11 13.1 13.07 12.96 13.03 13 12.84 12.85 12.7 12.75 12.63 12.6 12.23 12.36 12.54 12.32 11.9 11.87 11.95 11.79 11.59 11.84 11.72 11.91 11.93 11.9 12.06 11.97 11.94 11.46 11.4 10.95 10.61 10.72 11.39 11.51 11.65 11.79 11.8 11.78 11.25 11.38 11.4 11.44 11.38 11.07 11.29 11.76 12.03 11.65 11.6 11.88 11.97 11.98 12 11.98 11.94 11.9 11.71 11.54 11.23 10.63 10.04 10.1 10.44 9.73 10.34 10.3 10.16 10.77 10.18 10.33 10.72 10.45 10.6
12.97 13.13 13.12 13.13 13.09 13.01 12.93 12.98 12.68 12.66 12.52 12.49 12.2 12.32 12.25 12.45 12.43 11.82 11.57 11.44 11.64 11.87 11.68 11.7 11.82 11.81 11.95 11.93 12.02 11.82 11.77 11.43 11.6 11.16 11.15 10.77 11.12 11.33 11.76 11.85 11.79 11.77 11.14 11.02 11.2 11.28 10.97 11.02 11.6 11.96 12.07 11.91 11.86 12.02 12.05 12.05 12.02 11.97 11.95 11.9 11.8 11.54 11.21 10.73 10.12 10.21 10.65 9.83 10.5 10.45 10.41 10.71 10.45 10.64 10.94 10.78 9.96
13.05 13.13 13.11 13.08 13.16 13.18 12.84 12.77 12.52 12.2 11.93 11.87 12.07 12.17 12.39 12.26 12.1 11.38 11.23 11.18 11.42 11.68 11.86 11.78 11.93 11.71 12.04 12.02 11.82 11.41 11.39 11.28 11.51 11.61 11.04 10.92 11.6 11.75 11.87 11.87 11.81 11.7 11.21 11.03 11.12 11 10.87 11.15 11.82 12.04 12.13 12.02 12.05 12.11 12.12 12.12 12.05 12.03 12 11.87 11.76 11.34 10.93 10.54 10.57 10.68 10.86 10.55 10.84 10.42 10.68 10.96 11.08 11.03 11.05 10.6 9.98
12.97 13.16 13.12 12.89 12.95 13.13 13.05 12.86 12.46 11.94 12.02 12.09 12.25 12.24 12.17 11.79 11.41 11.48 11.52 11.3 11.63 11.9 11.41 11.87 12.06 12.05 12.03 12.02 11.64 11.73 11.49 11.55 11.64 11.73 11.5 11.26 11.77 11.87 11.74 11.77 11.71 11.71 11.26 11.18 11.02 11.22 11.22 11.5 11.92 12.09 12.18 12.15 12.2 12.19 12.19 12.12 12.04 11.96 12.02 11.87 11.75 11.09 10.25 10.28 10.35 10.55 10.57 10.93 11 10.56 10.39 11.06 10.99 10.51 10.55 10.66 9.83
12.96 13.1 13.12 13.04 12.79 12.97 13 12.84 12.42 12.02 11.93 11.95 11.85 11.85 11.73 11.65 11.38 11.07 11.34 11.41 11.65 11.84 11.4 11.53 11.8 11.99 11.96 11.98 11.98 11.93 11.71 11.12 11.47 11.68 11.68 11.56 11.89 11.81 11.73 11.71 11.56 11.5 11.32 11.2 11.17 11.32 11.24 11.81 12 12.08 12.17 12.22 12.2 12.19 12.18 12.15 11.89 11.71 11.96 11.94 11.8 10.97 10.28 9.94 10.22 10.2 10.15 10.95 10.97 11.03 10.91 11.16 11.23 10.84 10.57 10.44 9.56
13.03 13.01 13.02 13.04 13 12.92 12.7 12.83 12.59 12.25 12.2 11.87 11.7 11.29 10.98 11.4 11.52 10.92 10.8 11.23 11.7 11.39 11.7 11.42 11.29 11.8 11.69 11.46 11.57 11.52 11.78 10.88 11.14 11.68 11.79 11.65 11.81 11.56 11.66 11.66 11.68 11.36 11.43 11.43 11.33 11.29 11.25 11.93 11.9 12.02 12.08 12.24 12.2 12.16 12.17 12.16 11.82 11.68 12.01 11.98 11.84 11.15 10.83 10.45 10.21 10.8 10.48 10.62 10.78 10.78 10.84 11.15 11.3 11.39 11.16 10.73 10.16
13 12.81 12.9 12.92 12.68 12.62 12.15 12.47 12.6 12.38 12.27 11.99 11.37 11.32 11.19 11.2 11.48 11.05 11.46 11.58 11.68 11.73 11.4 11.13 11.18 11.46 11.06 10.63 11.17 11.47 11.73 11.77 11.82 11.87 12 11.9 11.88 11.88 11.71 11.43 11.07 11.06 11.6 11.68 11.48 11.44 11.83 11.99 11.94 12.07 11.97 12.26 12.23 12.23 12.24 12.21 11.95 12.05 12.1 12.04 11.89 11.55 10.99 10.28 10.31 10.59 10.97 10.88 10.2 9.93 10.42 10.84 11.4 10.93 10.7 10.41 10.58
12.93 12.81 12.76 12.81 12.72 12.55 12.29 12.38 12.46 12.48 12.25 11.96 11.5 11.5 11.25 10.94 11.43 11.24 11.3 11.48 11.52 11.61 11.33 11.19 11.01 11.2 11 10.66 10.92 10.62 11.02 11.35 11.13 11.52 11.93 11.98 11.98 11.81 11.49 11.07 10.94 11.42 11.69 11.67 11.53 11.85 11.95 12.07 12.06 12.11 11.93 12.25 12.25 12.26 12.27 12.24 12.03 12.15 12.14 12.08 11.95 11.6 11.21 10.54 10.9 11.06 11.2 11.19 10.8 10.59 10.86 11.18 11.52 11.26 10.85 10.85 10.21
12.83 12.59 12.66 12.66 12.48 12.58 11.95 11.88 11.97 12.13 12.27 11.88 11.4 11.59 11.18 11.12 11.55 11.46 11.49 11.5 11.62 11.63 10.89 10.88 11.09 11.32 10.73 10.38 10.53 10.18 10.71 10.52 10.8 11.48 11.97 11.82 11.77 11.96 11.76 11.32 11.18 11.51 11.84 11.51 11.76 11.98 12.04 12.02 12.12 12.04 11.98 12.25 12.29 12.32 12.32 12.3 12.18 12.18 12.14 12.05 11.97 11.64 11.17 10.57 10.57 10.6 11.06 11.52 11.2 11.33 11.41 11.54 11.49 11.23 11.1 10.9 10.03
12.62 11.93 12.18 12.06 12.07 12.24 11.07 11.4 11.51 11.41 11.62 11.97 11.44 11.43 11.44 11.06 11.49 11.61 11.64 11.6 11.62 11.44 11.37 10.99 11.02 11.05 11.37 11.12 11.18 10.68 10.59 11.16 11.18 11.8 12.02 11.59 11.8 12.03 11.92 11.7 11.59 11.63 11.81 11.92 12.01 12.08 12.04 12.12 12.08 12.11 12.06 12.25 12.23 12.26 12.27 12.29 12.15 12.05 12.1 12.13 12.04 11.74 11.2 10.95 11.11 11.32 11.55 11.63 11.68 11.61 11.54 11.45 11.44 11.19 10.77 10.54 10.2
11.91 11.23 11.77 11.46 11.61 12.06 10.98 11.35 11.59 11.75 11.77 11.81 11.21 11.1 11.49 11.4 11.52 11.65 11.63 11.58 11.6 11.54 10.97 10.81 10.52 10.71 11.36 11.53 11.4 11.43 11.3 11.73 11.77 12 11.99 11.95 11.93 11.94 12.05 11.84 11.77 11.44 11.92 12.01 12.1 12.15 12.06 12.12 11.95 11.7 11.83 12.2 12.23 12.24 12.23 12.25 12.19 11.93 11.99 12.11 12 11.68 11.43 11.4 11.65 11.73 11.8 11.7 11.41 11.07 11.05 11.08 11.28 11.01 10.76 10.42 10.68
11.25 11.36 11.48 11.33 11.15 10.85 11.29 11.26 10.9 11.12 11.28 11.38 11.35 11.32 11.12 11.2 11.58 11.29 11.43 11.42 11.47 11.4 10.93 10.95 11.19 11.15 11.39 11.61 11.52 11.75 11.71 11.46 11.2 11.43 11.79 11.81 12.05 12.02 11.94 11.36 11.7 11.62 11.74 12.04 12.07 12.14 12.19 12.05 11.89 11.53 11.22 12.02 12.13 12.11 12.23 12.24 12.06 12.07 11.82 12.04 11.77 11.79 11.9 11.99 11.99 11.85 11.84 11.12 10.45 10.42 10.68 10.8 10.86 10.85 10.68 10.65 10.81
11.7 11.58 11.85 11.64 11.03 10.77 10.97 11.3 11.23 11.26 11.43 11.37 11.4 11.26 11.05 11.06 11.48 11.61 11.34 11.1 11.21 11.22 10.99 11.35 11.25 11.33 11.56 11.67 11.7 11.8 11.62 11.49 11.51 11.57 11.5 11.38 11.54 11.63 11.95 12 11.35 11.47 11.95 11.88 12.09 12.01 12.18 11.87 11.92 11.5 11.12 11.97 12.08 12.11 12.2 12.14 11.79 11.89 11.85 11.9 11.87 11.6 12.09 12.12 11.98 11.6 11.7 10.99 10.74 10.84 10.91 10.9 10.87 10.88 10.89 10.88 10.56
12.26 11.35 11.86 12.02 11.37 10.73 10.57 10.92 11.45 11.49 11.52 11.55 11.24 11.21 11.33 11.34 11.4 11.68 11.32 11.38 11.27 11.32 11.17 11.47 11.47 11.42 11.63 11.66 11.84 11.84 11.78 11.73 11.68 11.91 11.83 11.83 11.44 11.89 11.7 12.14 11.51 11.77 12.17 12.13 12.06 12.19 12.18 11.54 11.58 11.35 11.61 12.07 12.17 12.14 12.04 12.09 12.18 12.08 12.05 11.78 12.09 12 12.18 12.11 12.03 11.93 11.73 10.84 10.87 10.89 10.85 10.85 10.81 10.85 10.88 10.85 10.72
12.46 11.85 11.78 12.17 11.67 11.15 11.47 11.47 11.53 11.55 11.57 11.57 11.43 11.48 11.38 11.48 11.6 11.69 11.61 11.43 11.31 11.64 11.4 11.4 11.64 11.24 11.81 11.93 11.96 11.92 11.95 11.9 11.9 12.11 11.94 12.11 11.66 12.05 12.11 12.27 12.15 12.1 12.28 12.26 12.15 12.25 12.18 11.64 11.13 11.47 11.98 12.24 12.33 12.27 12.3 12.32 12.37 12.35 12.21 12.05 12.11 12.24 12.18 12.02 11.89 11.82 11.74 11.25 10.89 10.82 10.85 10.82 10.77 10.79 10.74 10.53 10.16
12.57 12.22 12.24 12.38 12.3 11.84 12.12 11.59 11.6 11.45 11.68 11.54 11.63 11.4 11.35 11.32 11 11.58 12 11.98 11.96 11.83 11.88 11.68 11.62 11.8 11.97 11.91 11.9 12 12.05 11.89 12.08 12.38 12.05 12.05 12.35 12.13 12.12 12.31 12.18 12.26 12.35 12.15 12.12 12.1 12.07 11.57 11.47 12.09 12.36 12.52 12.43 12.05 11.7 12.25 12.48 12.48 12.46 12.48 12.5 12.31 12.24 12.08 11.94 11.93 11.68 11.1 10.63 10.52 10.65 10.72 10.62 10.51 10.12 9.59 8.73
12.6 12.47 12.4 12.59 12.45 12.21 12.16 11.89 11.86 11.49 11.7 11.58 11.64 11.45 11.24 11.21 10.88 11.97 12 11.91 12.07 12.16 11.93 11.41 11.49 11.71 11.94 11.56 11.74 12.08 12.14 12 12.21 12.49 12.22 12.21 12.43 12.25 12.26 12.32 12.38 12.45 12.05 12.21 12.12 12.2 11.95 11.77 12.1 12.3 12.27 12.52 12.57 12.44 12.32 12.42 12.55 12.58 12.55 12.57 12.55 12.36 12.2 12.1 12.07 11.91 11.71 10.89 10.55 10.35 10.47 10.65 10.42 10.33 9.85 9.19 8.62
12.61 12.45 12.44 12.63 12.57 12.47 12.28 12.32 11.97 11.85 11.65 11.6 11.48 11.57 11.22 10.96 10.77 12.08 12.05 11.87 12.18 12.23 11.82 11.5 11.45 11.48 12.06 11.86 12.19 12.33 12.22 12.07 12.5 12.56 12.44 12.4 12.48 12.5 12.42 12.37 12.45 12.48 12.29 12.29 12.29 12.25 11.93 12.23 12.36 12.49 12.39 12.62 12.59 12.6 12.62 12.6 12.65 12.62 12.59 12.52 12.48 12.23 11.79 11.65 11.95 11.76 11.41 10.79 10.13 10.14 10.45 10.56 10.22 10.04 9.6 9.04 9.32
12.66 12.58 12.56 12.66 12.57 12.49 12.48 12.34 12.33 12.23 11.83 11.48 11.43 11.59 11.46 11.23 11.03 11.84 12.3 12.21 12.3 11.94 11.68 11.15 11.42 11.85 12.13 12.29 12.39 12.46 12.38 12.28 12.36 12.59 12.46 12.11 12.52 12.52 12.48 12.48 12.52 12.49 12.26 12.12 12.26 12.14 11.87 12.35 12.35 12.51 12.57 12.62 12.63 12.62 12.67 12.66 12.63 12.57 12.35 12.37 12.4 12.14 11.88 11.8 11.89 11.52 11.1 10.27 10.27 10.43 10.48 10.45 10.19 9.76 9.29 8.83 9.58
12.57 12.62 12.57 12.61 12.27 11.84 12.37 12.17 12 12.09 12.17 11.94 11.53 11.58 11.69 11.48 11.2 11.14 12.04 12.44 12.22 11.98 11.59 11.61 11.8 11.59 12.28 12.38 12.44 12.33 12.22 12.33 12.53 12.57 12.4 12.22 12.57 12.6 12.56 12.59 12.55 12.25 12.15 12.11 12.12 11.91 11.9 12.43 12.46 12.51 12.58 12.57 12.68 12.67 12.67 12.67 12.6 12.5 12.38 12.13 12.04 12.02 12.11 12.04 11.87 11.39 10.96 10.55 10.55 10.45 10.33 10.19 9.81 9.48 8.96 8.69 9.05
12.72 12.4 12.69 12.44 11.97 11.9 12.14 12.09 11.64 12.02 12.17 12.08 11.86 12.1 12.24 12.24 12.17 11.87 12.22 12.37 12.48 12.12 11.37 11.72 11.43 11.81 12.38 12.44 12.49 12.43 12.23 12.07 12.5 12.62 12.47 12.51 12.54 12.52 12.59 12.57 12.51 12.14 12.31 12.31 12.15 11.9 12.14 12.52 12.57 12.5 12.6 12.62 12.66 12.67 12.65 12.58 12.46 12.44 12.36 12.3 12.26 11.99 11.99 11.95 11.82 11.53 11.25 10.59 10.43 10.3 9.97 9.71 9.12 8.91 8.47 9.08 9.92
12.61 12.76 12.4 12.01 12.19 12.2 11.9 11.68 11.52 11.73 11.98 12.11 11.88 12.21 12.5 12.6 12.38 12.73 12.74 12.59 12.61 12.71 12.4 12.39 12.42 12.15 12.42 12.45 12.48 12.48 12.54 12.55 12.64 12.65 12.58 12.5 12.57 12.6 12.66 12.5 12.42 12.42 12.26 11.61 11.36 11.75 12.18 12.61 12.65 12.62 12.73 12.68 12.65 12.62 12.55 12.38 12.17 12.07 12.01 12.1 11.98 11.72 11.63 11.42 11.06 10.59 10.36 9.81 9.21 9.38 9.37 8.45 8.43 8.88 9.14 9.74 10.24
12.68 12.56 12.39 12.05 12.11 12.12 11.49 11.4 11.57 11.68 11.73 12.11 12.06 12.33 12.55 12.71 12.52 12.82 12.84 12.77 12.78 12.8 12.56 12.55 12.37 12.27 12.35 12.35 12.29 12.23 12.4 12.45 12.46 12.65 12.68 12.68 12.7 12.68 12.62 12.38 12.45 12.52 12.24 11.7 11.89 12.13 12.36 12.65 12.7 12.7 12.77 12.69 12.67 12.63 12.57 12.31 12.23 12.11 12.01 11.98 11.88 11.37 11.13 10.87 10.48 10.16 10.1 9.27 8.89 9.1 8.89 8.2 8.98 9.34 9.74 10 9.56
12.74 12.47 12.35 12.46 12.14 12.1 11.49 11.68 11.96 11.97 11.98 12.17 12.28 12.6 12.74 12.78 12.77 12.9 12.9 12.83 12.76 12.8 12.61 12.54 12.51 12.23 12.41 12.4 12.18 11.76 12.05 12.11 12.42 12.65 12.58 12.7 12.74 12.73 12.52 12.46 12.57 12.57 12.13 11.48 11.48 11.83 12.31 12.68 12.76 12.78 12.78 12.66 12.66 12.61 12.58 12.51 12.26 12.09 11.98 11.7 11.42 11.04 11.42 11.13 11.02 11.06 10.55 9.51 9.65 8.83 8.13 7.9 9.05 9.5 9.78 9.57 8.75
12.88 12.7 12.61 12.25 11.77 12.04 11.46 11.83 11.71 11.46 11.7 12.19 12.38 12.68 12.82 12.88 12.93 12.95 12.9 12.87 12.87 12.81 12.62 12.49 12.38 12.45 12.41 12.43 12.4 12.2 12.22 12.4 12.52 12.65 12.58 12.65 12.76 12.75 12.62 12.62 12.6 12.63 12.23 11.83 11.3 11.75 12.21 12.72 12.76 12.8 12.83 12.73 12.65 12.55 12.47 12.27 12.32 12.13 11.9 11.4 10.85 11.14 11.68 11.6 11.59 11.32 10.68 10.43 10.02 9.16 7.94 7.83 9.22 9.64 9.43 9.22 8.15
12.83 12.18 12.07 11.57 11.39 11.65 11.17 10.76 10.85 11.14 11.4 11.72 12.56 12.85 12.73 12.95 13 12.99 12.99 12.98 12.94 12.79 12.55 12.36 12.36 12.34 12.35 12.4 12.43 12.48 12.36 12.62 12.64 12.64 12.58 12.54 12.68 12.78 12.72 12.66 12.7 12.66 12.52 12.18 11.73 11.52 11.7 12.77 12.84 12.88 12.93 12.84 12.77 12.69 12.67 12.53 12.21 11.81 11.12 10.55 10.64 11.63 12.09 12.18 11.85 11.58 11.61 11.29 10.6 10.02 8.99 8.68 8.93 8.53 8.14 7.3 8
12.85 12.13 12.14 11.75 11.29 11.21 10.89 11.1 11.6 11.8 12.22 12.39 12.8 12.93 12.96 13.01 13.01 13.07 12.99 12.9 12.75 12.67 12.6 12.28 12.31 12.27 12.38 12.34 12.4 12.36 12.47 12.59 12.63 12.59 12.47 12.57 12.79 12.8 12.74 12.68 12.68 12.58 12.23 12.44 12.27 12.06 12.18 12.76 12.84 12.89 12.94 12.87 12.77 12.7 12.62 12.51 12.17 11.71 11.03 10.82 10.8 11.89 12.22 12.27 12.02 12.09 11.95 11.13 10.27 9.54 8.63 8.7 8.7 8.01 7.35 6.41 7.47
12.65 12.42 12.41 12.3 11.71 11.14 11.65 11.67 12.06 12.26 12.48 12.72 12.9 12.93 13.03 13.04 13.04 13 12.84 12.68 12.64 12.54 12.39 12.41 12.28 11.93 12.21 12.3 12.3 12.26 12.43 12.48 12.45 12.47 12.49 12.64 12.71 12.75 12.71 12.65 12.59 12.36 11.75 12.13 12.45 12.48 12.45 12.76 12.83 12.88 12.92 12.82 12.75 12.7 12.57 12.37 11.74 11.43 10.98 11.2 11.46 12.21 12.4 12.37 12.22 12.1 11.89 11.16 10.48 9.78 8.91 8.95 8.9 8.51 7.86 7.19 7.3
12.47 11.86 11.85 12.19 11.78 11.21 12.14 11.82 11.9 12.02 12.62 12.81 12.96 13 13.05 13.07 13.05 13 12.95 12.88 12.72 12.46 12.07 11.98 12.12 12.06 12.13 12.15 11.92 11.85 12.12 12.23 12.45 12.52 12.67 12.72 12.69 12.69 12.62 12.6 12.48 12.21 11.6 11.74 11.91 12.1 11.9 12.67 12.79 12.85 12.88 12.82 12.75 12.66 12.45 12.17 11.13 10.98 11.36 11.69 11.62 12.4 12.26 12.07 11.95 11.81 11.57 10.5 9.77 9.43 8.56 8.18 8.39 7.9 7.78 7.55 7.56
12.48 11.68 11.7 11.59 11.4 11.58 12.59 12.3 12.65 12.72 12.88 12.93 13 13.05 13.08 13.07 13.06 13.07 13.04 13.01 12.88 12.77 12.48 12.05 12.2 12.48 12.14 12.2 11.8 11.82 12.04 12.35 12.52 12.67 12.69 12.67 12.67 12.6 12.49 12.5 12.38 12.13 11.29 11.21 11.19 11.61 11.79 12.64 12.75 12.82 12.86 12.82 12.74 12.62 12.25 11.93 11.33 11.19 11.38 11.7 12.03 12.45 11.89 11.51 11.45 11.26 11.07 10.15 9.98 9.11 8.21 8.09 7.51 7.66 8.28 8.69 7.55
12.68 12.48 12.46 12.18 12.29 12.49 12.85 12.81 12.92 12.96 13.01 13.02 13.08 13.09 13.09 13.07 13.03 13.02 12.98 12.95 12.77 12.8 12.68 12.54 12.52 12.59 12.37 12.21 12.04 12.2 12.35 12.48 12.51 12.67 12.63 12.61 12.6 12.37 12.35 12.39 12.21 12 11.1 10.89 10.96 11.6 12 12.62 12.73 12.82 12.85 12.79 12.64 12.45 12.19 11.88 11.04 11.43 11.87 12.07 12.27 12.35 12.18 12.02 11.81 11 11.15 10.73 10.33 9.46 9.27 8.86 8.31 8.37 9.21 9.01 8.51
13.01 13.02 12.98 12.98 12.89 13.04 13.07 13.09 13.1 13.12 13.13 13.15 13.14 13.11 13.09 13.05 13.03 12.85 12.79 12.56 12.36 12.25 12.1 11.83 12.02 12.14 12.44 12.4 12.29 12.3 12.36 12.54 12.58 12.56 12.45 12.42 12.18 12.07 12.11 11.9 12.02 11.91 11.03 11.34 11.76 11.86 12.18 12.57 12.59 12.63 12.69 12.63 12.46 12.1 12.27 11.99 11.41 11.29 11.55 12.03 12.43 12.68 12.75 12.77 12.58 12.18 12.07 11.27 10.66 10.96 10.5 9.57 9.95 9.32 9.15 9.93 10.51
