bio01.asc
ncols         751
nrows         601
xllcorner     124.5
yllcorner     33
cellsize      0.01
NODATA_value  -9999
[rows 544 to 577 of 601, columns 154 to 230 of 751]
-9999 -9999 -9999 -9999 -9999 -9999 -9999 -9999 -9999 -9999 -9999 -9999 -9999 -9999 -9999 -9999 -9999 -9999 -9999 -9999 -9999 -9999 -9999 -9999 -9999 -9999 -9999 -9999 -9999 -9999 -9999 -9999 -9999 -9999 -9999 -9999 -9999 -9999 -9999 -9999 -9999 -9999 -9999 -9999 -9999 -9999 -9999 -9999 -9999 -9999 -9999 -9999 -9999 -9999 -9999 -9999 -9999 -9999 -9999 -9999 -9999 -9999 -9999 -9999 -9999 -9999 -9999 -9999 -9999 -9999 -9999 -9999 -9999 -9999 -9999 -9999 -9999
-9999 -9999 -9999 -9999 -9999 -9999 -9999 -9999 -9999 -9999 -9999 -9999 -9999 -9999 -9999 -9999 -9999 -9999 -9999 -9999 -9999 -9999 -9999 -9999 -9999 -9999 -9999 -9999 -9999 -9999 -9999 -9999 -9999 -9999 -9999 -9999 -9999 -9999 -9999 -9999 -9999 -9999 -9999 -9999 -9999 -9999 -9999 -9999 -9999 -9999 -9999 -9999 -9999 -9999 -9999 -9999 -9999 -9999 -9999 -9999 -9999 -9999 -9999 -9999 -9999 -9999 -9999 -9999 -9999 -9999 -9999 -9999 -9999 -9999 15.18 -9999 -9999
-9999 -9999 -9999 -9999 -9999 -9999 -9999 -9999 -9999 -9999 -9999 -9999 -9999 -9999 -9999 -9999 -9999 -9999 -9999 -9999 -9999 -9999 -9999 -9999 -9999 -9999 -9999 -9999 -9999 -9999 -9999 -9999 -9999 -9999 -9999 -9999 -9999 -9999 -9999 -9999 -9999 -9999 -9999 -9999 -9999 -9999 -9999 -9999 -9999 -9999 -9999 -9999 -9999 -9999 -9999 -9999 -9999 -9999 -9999 -9999 -9999 -9999 15.02 -9999 -9999 14.94 14.92 14.92 14.93 14.93 14.91 14.88 14.88 14.86 15.04 15.15 15.26
-9999 -9999 -9999 -9999 -9999 -9999 -9999 -9999 -9999 -9999 -9999 -9999 -9999 -9999 -9999 -9999 -9999 -9999 -9999 -9999 -9999 -9999 -9999 -9999 -9999 -9999 -9999 -9999 -9999 -9999 -9999 -9999 -9999 -9999 -9999 -9999 -9999 -9999 -9999 -9999 -9999 -9999 -9999 -9999 -9999 -9999 -9999 -9999 -9999 -9999 -9999 -9999 -9999 -9999 -9999 -9999 -9999 -9999 -9999 -9999 -9999 -9999 14.97 14.93 14.82 14.75 14.69 14.62 14.6 14.55 14.55 14.55 14.57 14.57 14.74 14.85 14.98
-9999 -9999 -9999 -9999 -9999 -9999 -9999 -9999 -9999 -9999 -9999 -9999 -9999 -9999 -9999 -9999 -9999 -9999 -9999 -9999 -9999 -9999 -9999 -9999 -9999 -9999 -9999 -9999 -9999 -9999 -9999 -9999 -9999 -9999 -9999 -9999 -9999 -9999 -9999 -9999 -9999 -9999 -9999 -9999 -9999 -9999 -9999 -9999 -9999 -9999 -9999 -9999 -9999 -9999 -9999 -9999 14.97 14.95 14.84 14.83 14.84 14.8 14.8 14.76 14.7 14.63 14.55 14.5 14.42 14.45 14.45 14.46 14.49 14.49 14.65 14.77 14.9
-9999 -9999 -9999 -9999 -9999 -9999 -9999 -9999 -9999 -9999 -9999 -9999 -9999 -9999 -9999 -9999 -9999 -9999 -9999 -9999 -9999 -9999 -9999 -9999 -9999 -9999 -9999 -9999 -9999 -9999 -9999 -9999 -9999 -9999 -9999 -9999 -9999 -9999 -9999 -9999 -9999 -9999 -9999 -9999 -9999 -9999 -9999 -9999 -9999 -9999 -9999 15.33 15.28 15.07 14.97 14.85 14.8 14.78 14.65 14.66 14.67 14.6 14.59 14.59 14.56 14.49 14.47 14.4 14.26 14.29 14.34 14.4 14.45 14.42 14.57 14.65 14.75
-9999 -9999 -9999 -9999 -9999 -9999 -9999 -9999 -9999 -9999 -9999 -9999 -9999 -9999 -9999 -9999 -9999 -9999 -9999 -9999 -9999 -9999 -9999 -9999 -9999 -9999 -9999 -9999 -9999 -9999 -9999 -9999 -9999 -9999 -9999 -9999 -9999 -9999 -9999 -9999 -9999 -9999 -9999 -9999 -9999 -9999 15.43 15.4 15.38 15.27 15.2 15.18 15.07 14.91 14.78 14.66 14.64 14.59 14.45 14.45 14.45 14.39 14.4 14.44 14.41 14.31 14.28 14.23 14.2 14.15 14.21 14.27 14.32 14.34 14.47 14.43 14.6
-9999 -9999 -9999 -9999 -9999 -9999 -9999 -9999 -9999 -9999 -9999 -9999 -9999 -9999 -9999 -9999 -9999 -9999 -9999 -9999 -9999 -9999 -9999 -9999 -9999 -9999 -9999 -9999 -9999 -9999 -9999 -9999 -9999 -9999 -9999 -9999 -9999 -9999 -9999 -9999 -9999 -9999 -9999 15.45 15.33 15.28 15.27 15.26 15.22 15.12 15.06 14.98 14.89 14.66 14.55 14.45 14.45 14.43 14.22 14.22 14.21 14.19 14.19 14.18 14.2 14.12 14.02 13.93 14.02 14 14.06 14.13 14.18 14.21 14.37 14.39 14.5
-9999 -9999 -9999 -9999 -9999 -9999 -9999 -9999 -9999 -9999 -9999 -9999 -9999 -9999 -9999 -9999 -9999 -9999 -9999 -9999 -9999 -9999 -9999 -9999 -9999 -9999 -9999 -9999 -9999 -9999 -9999 -9999 -9999 -9999 -9999 -9999 -9999 -9999 -9999 -9999 15.38 15.37 15.35 15.29 15.17 15.1 15.07 15.07 15.08 14.98 14.91 14.86 14.74 14.46 14.34 14.23 14.19 14.14 14.03 13.97 13.98 13.95 13.92 13.92 13.97 13.9 13.86 13.73 13.82 13.82 13.89 14.02 14.06 14.13 14.32 14.33 14.4
-9999 -9999 -9999 -9999 -9999 -9999 -9999 -9999 -9999 -9999 -9999 -9999 -9999 -9999 -9999 -9999 -9999 -9999 -9999 -9999 -9999 -9999 -9999 -9999 -9999 -9999 -9999 -9999 -9999 -9999 -9999 -9999 -9999 -9999 -9999 14.94 14.93 14.89 14.84 14.84 14.87 14.85 14.86 14.78 14.59 14.38 14.5 14.47 14.44 14.35 14.28 14.19 14.07 13.85 13.72 13.62 13.51 13.51 13.5 13.48 13.45 13.43 13.38 13.33 13.45 13.5 13.52 13.52 13.48 13.65 13.73 13.76 13.84 13.98 14.11 14.15 14.2
-9999 -9999 -9999 -9999 -9999 -9999 -9999 -9999 -9999 -9999 -9999 -9999 -9999 -9999 -9999 -9999 -9999 -9999 -9999 -9999 -9999 -9999 -9999 -9999 -9999 -9999 -9999 -9999 -9999 15.12 15.04 15 14.94 14.81 14.8 14.73 14.73 14.67 14.61 14.5 14.51 14.48 14.5 14.43 14.21 14.12 14.13 14.11 14.07 13.94 13.87 13.79 13.71 13.5 13.36 13.27 13.27 13.26 13.21 13.2 13.16 13.16 13.16 13.18 13.25 13.34 13.39 13.43 13.39 13.55 13.6 13.62 13.72 13.89 13.97 14.01 14.12
-9999 -9999 -9999 -9999 -9999 -9999 -9999 -9999 -9999 -9999 -9999 -9999 -9999 -9999 -9999 -9999 -9999 -9999 -9999 -9999 -9999 -9999 -9999 -9999 -9999 -9999 -9999 -9999 -9999 14.95 14.91 14.85 14.77 14.62 14.6 14.53 14.5 14.41 14.37 14.17 14.16 14.12 14.06 13.99 13.86 13.78 13.77 13.75 13.71 13.55 13.48 13.43 13.34 13.15 13.04 12.94 12.92 12.86 12.88 12.9 12.89 12.79 12.98 12.99 13.06 13.12 13.24 13.25 13.21 13.45 13.6 13.63 13.72 13.85 13.87 13.88 14.05
-9999 -9999 -9999 -9999 -9999 -9999 -9999 -9999 -9999 -9999 -9999 -9999 -9999 -9999 -9999 -9999 -9999 -9999 -9999 -9999 -9999 -9999 -9999 -9999 -9999 -9999 -9999 -9999 15.07 14.96 14.78 14.7 14.55 14.47 14.41 14.3 14.23 14.16 14.1 13.84 13.8 13.75 13.6 13.53 13.53 13.35 13.38 13.37 13.32 13.11 12.97 13 12.92 12.8 12.71 12.59 12.54 12.46 12.55 12.55 12.51 12.67 12.74 12.83 12.92 12.93 13.12 13.12 13.21 13.48 13.58 13.66 13.7 13.77 13.84 13.9 13.91
-9999 -9999 -9999 -9999 -9999 -9999 -9999 -9999 -9999 -9999 -9999 -9999 -9999 -9999 -9999 -9999 -9999 -9999 -9999 -9999 -9999 -9999 -9999 -9999 -9999 15.15 15.14 15.1 15 14.84 14.66 14.55 14.42 14.23 14.15 14.03 13.91 13.89 13.8 13.49 13.4 13.36 13.22 13.12 13.11 12.99 12.93 12.94 12.92 12.72 12.56 12.55 12.43 12.43 12.32 12.23 12.23 12.19 12.15 12.23 12.38 12.5 12.63 12.76 12.89 12.99 13.08 13.18 13.3 13.51 13.61 13.67 13.64 13.78 13.75 13.89 13.93
-9999 -9999 -9999 -9999 -9999 -9999 -9999 -9999 -9999 -9999 -9999 -9999 -9999 -9999 -9999 -9999 -9999 -9999 -9999 -9999 -9999 -9999 -9999 -9999 15.07 15 14.93 14.89 14.75 14.58 14.41 14.25 14.08 13.71 13.58 13.5 13.41 13.24 13.04 12.68 12.54 12.44 12.32 12.15 12.06 11.93 11.86 11.88 11.87 11.79 11.75 11.62 11.58 11.53 11.55 11.53 11.55 11.65 11.93 12.07 12.26 12.42 12.56 12.65 12.84 12.94 13.06 13.18 13.29 13.56 13.63 13.78 13.89 13.9 14.08 14.15 14.17
-9999 -9999 -9999 -9999 -9999 -9999 -9999 -9999 -9999 -9999 -9999 -9999 -9999 -9999 -9999 -9999 -9999 -9999 -9999 -9999 -9999 -9999 -9999 -9999 15.05 14.97 14.89 14.81 14.62 14.46 14.29 14.09 13.92 13.43 13.3 13.19 13.06 12.91 12.68 12.25 12.18 12.03 11.84 11.7 11.55 11.37 11.16 11.19 11.24 11.22 11.16 11.08 11.07 11.03 11.1 11.07 11.12 11.38 11.79 11.93 12.06 12.22 12.39 12.52 12.71 12.98 13.1 13.24 13.35 13.59 13.72 13.83 13.95 14.06 14.2 14.23 14.3
-9999 -9999 -9999 -9999 -9999 -9999 -9999 -9999 -9999 -9999 -9999 -9999 -9999 -9999 -9999 -9999 -9999 -9999 -9999 -9999 -9999 -9999 -9999 15.11 14.98 14.84 14.74 14.66 14.46 14.32 14.15 13.93 13.7 13.28 13.09 12.95 12.8 12.55 12.29 11.9 11.78 11.6 11.43 11.23 10.59 10.65 10.4 10.36 10.36 10.59 10.44 10.36 10.4 10.57 10.68 10.73 10.77 11.16 11.49 11.72 11.88 12 12.26 12.5 12.75 13.02 13.14 13.23 13.3 13.58 13.7 13.86 14 14.07 14.23 14.13 14.35
-9999 -9999 -9999 -9999 -9999 -9999 -9999 -9999 -9999 -9999 -9999 -9999 -9999 -9999 -9999 -9999 -9999 -9999 -9999 -9999 -9999 -9999 15.16 15.05 14.86 14.7 14.57 14.47 14.28 14.14 13.99 13.78 13.54 13.09 12.84 12.64 12.45 12.1 11.82 11.47 11.28 11.13 11.02 10.78 9.77 9.89 9.64 9.4 9.2 9.89 9.65 9.53 9.63 9.95 10.16 10.41 10.75 11.03 11.25 11.52 11.77 11.85 12.22 12.43 12.75 12.97 13.12 13.28 13.37 13.68 13.79 13.89 13.98 14 14.23 14.38 14.5
-9999 -9999 -9999 -9999 -9999 -9999 -9999 -9999 -9999 -9999 -9999 -9999 -9999 -9999 -9999 -9999 -9999 -9999 -9999 -9999 -9999 15.02 14.92 14.85 14.6 14.45 14.3 14.16 13.93 13.82 13.72 13.54 13.33 12.76 12.28 12.27 12.05 11.8 11.46 10.65 10.49 10.35 10.11 9.85 9.13 8.68 8.69 8.33 7.7 8.21 8.37 8.57 8.77 9.65 9.93 10.27 10.73 11.01 11.53 11.83 12.06 12.27 12.48 12.75 12.98 13.08 13.28 13.5 13.68 13.94 14.03 14.14 14.25 14.3 14.48 14.57 14.67
-9999 -9999 -9999 -9999 -9999 -9999 -9999 -9999 -9999 -9999 -9999 -9999 -9999 -9999 -9999 -9999 -9999 -9999 -9999 15.15 15.05 14.92 14.75 14.72 14.52 14.37 14.24 14.09 13.77 13.67 13.55 13.39 13.22 12.76 12.49 12.25 11.99 11.71 11.35 10.34 10.14 10.06 9.75 9.54 8.55 8.22 7.74 7.48 7.37 7.24 7.46 7.96 8.52 9.65 9.96 10.12 10.69 11.08 11.8 12.04 12.24 12.46 12.67 12.87 13.06 13.09 13.39 13.65 13.83 14.07 14.12 14.25 14.37 14.43 14.56 14.64 14.73
-9999 -9999 -9999 -9999 -9999 -9999 -9999 -9999 -9999 -9999 -9999 -9999 -9999 -9999 -9999 -9999 -9999 -9999 15.19 15.09 15.02 14.9 14.73 14.69 14.46 14.33 14.15 14 13.64 13.57 13.44 13.3 13.1 12.61 12.47 12.2 11.97 11.6 11.1 10.35 10.05 9.82 9.46 9.29 8.5 7.95 7.36 7.16 6.95 6.51 7.16 7.78 8.49 9.85 10.35 10.73 11.14 11.36 11.91 12.21 12.43 12.61 12.77 12.95 13.28 13.38 13.53 13.76 13.93 14.21 14.26 14.41 14.52 14.61 14.73 14.78 14.82
-9999 -9999 -9999 -9999 -9999 -9999 -9999 -9999 -9999 -9999 -9999 -9999 -9999 -9999 -9999 -9999 15.27 15.22 15.19 15.06 14.99 14.92 14.8 14.69 14.46 14.3 13.94 13.89 13.6 13.52 13.43 13.27 13.09 12.48 12.4 12.17 12.01 11.6 11.02 10.47 10.07 9.71 9.38 9.11 8.48 8.34 7.51 7.31 7.3 7.35 7.66 8.24 8.73 10.23 10.77 11.18 11.41 11.57 12.12 12.39 12.56 12.68 12.9 13.12 13.47 13.64 13.75 13.9 14.06 14.33 14.43 14.54 14.67 14.75 14.87 14.92 14.96
-9999 -9999 -9999 -9999 -9999 -9999 -9999 -9999 -9999 -9999 -9999 -9999 -9999 -9999 -9999 -9999 15.25 15.21 15.15 15.07 14.93 14.89 14.79 14.7 14.43 14.26 14.08 13.92 13.63 13.52 13.38 13.23 13.06 12.54 12.5 12.3 12.1 11.8 11.41 10.69 10.33 9.95 9.61 9.37 9.06 8.77 8.22 7.93 7.9 8.12 8.53 9.01 9.43 10.6 11.23 11.54 11.73 12.08 12.48 12.6 12.7 12.92 13.15 13.4 13.66 13.84 13.95 14.06 14.21 14.49 14.58 14.69 14.78 14.89 15 15.06 15.1
-9999 -9999 -9999 -9999 -9999 -9999 -9999 -9999 -9999 -9999 -9999 -9999 -9999 -9999 15.3 15.25 15.22 15.2 15.15 15.02 14.85 14.79 14.79 14.68 14.41 14.23 14.09 13.94 13.61 13.52 13.39 13.25 13.08 12.7 12.6 12.4 12.16 11.94 11.57 10.93 10.61 10.26 9.94 9.78 9.6 9.31 8.99 8.82 8.79 9.17 9.6 9.95 10.32 11.24 11.85 12.12 12.21 12.51 12.88 12.95 13.07 13.19 13.44 13.68 13.97 14.09 14.2 14.29 14.42 14.7 14.8 14.9 14.97 15.05 15.21 15.23 15.26
-9999 -9999 -9999 -9999 -9999 -9999 -9999 -9999 -9999 -9999 -9999 -9999 -9999 -9999 15.25 15.2 15.16 15.11 15.1 14.99 14.89 14.82 14.73 14.62 14.4 14.26 14.14 14.01 13.78 13.63 13.5 13.45 13.34 13.1 12.95 12.66 12.49 12.4 12.13 11.67 11.34 11.03 10.89 10.82 10.56 10.39 10.32 10.41 10.47 11.2 11.55 11.68 11.77 12.57 13.18 13.45 13.47 13.54 13.66 13.8 13.9 13.98 14.06 14.2 14.48 14.54 14.66 14.75 14.85 15.08 15.21 15.26 15.35 15.31 15.45 15.5 15.5
-9999 -9999 -9999 -9999 -9999 -9999 -9999 -9999 -9999 -9999 -9999 -9999 -9999 -9999 15.23 15.2 15.12 15.09 15.06 15.01 14.92 14.82 14.72 14.59 14.42 14.3 14.15 14.11 13.97 13.85 13.74 13.63 13.54 13.33 13.23 13.05 12.89 12.73 12.46 12.07 11.77 11.49 11.39 11.38 11.17 11.01 10.98 11.15 11.23 11.79 12.09 12.4 12.55 13.11 13.57 13.86 13.91 14 14.1 14.12 14.23 14.3 14.35 14.45 14.66 14.77 14.88 14.97 15.08 15.3 15.39 15.45 15.5 15.58 15.57 15.55 15.58
-9999 -9999 -9999 -9999 -9999 -9999 -9999 -9999 -9999 -9999 -9999 -9999 -9999 -9999 15.22 15.18 15.13 15.08 15.06 15.02 14.93 14.86 14.74 14.62 14.5 14.43 14.35 14.25 14.07 13.98 13.93 13.84 13.72 13.55 13.43 13.27 13.14 12.95 12.78 12.42 12.19 12.01 11.95 11.89 11.8 11.71 11.68 11.81 11.9 12.38 12.65 12.87 13.15 13.68 13.97 14.23 14.34 14.39 14.49 14.48 14.57 14.62 14.64 14.73 14.86 14.96 15.07 15.16 15.3 15.49 15.56 15.61 15.65 -9999 -9999 -9999 -9999
-9999 -9999 -9999 -9999 -9999 -9999 -9999 -9999 -9999 -9999 -9999 -9999 -9999 -9999 15.22 15.19 15.15 15.1 15.08 14.98 14.98 14.92 14.84 14.76 14.61 14.56 14.47 14.42 14.3 14.23 14.15 14.07 14 13.81 13.7 13.6 13.49 13.32 13.18 12.93 12.8 12.65 12.48 12.5 12.48 12.48 12.46 12.54 12.66 13.06 13.24 13.39 13.59 14.11 14.36 14.53 14.6 14.7 14.84 14.93 14.96 15.01 15 15.03 15.16 15.2 15.26 15.39 15.46 15.63 15.68 15.68 -9999 -9999 -9999 -9999 -9999
-9999 -9999 -9999 -9999 -9999 -9999 -9999 -9999 -9999 -9999 -9999 -9999 -9999 -9999 15.23 15.2 15.19 15.17 15.13 15.08 15.05 15 14.91 14.85 14.77 14.72 14.63 14.49 14.46 14.4 14.33 14.24 14.2 14.09 13.99 13.93 13.83 13.74 13.66 13.47 13.37 13.29 13.15 13.16 13.14 13.18 13.16 13.23 13.31 13.59 13.79 13.97 14.13 14.48 14.62 14.79 14.84 15 15.15 15.25 15.3 15.29 15.3 15.34 15.35 15.41 15.47 15.55 15.61 15.69 15.64 -9999 -9999 -9999 -9999 -9999 -9999
-9999 -9999 -9999 -9999 -9999 -9999 -9999 -9999 -9999 -9999 -9999 -9999 -9999 -9999 15.26 15.21 15.22 15.27 15.25 15.24 15.19 15.16 15.12 15.11 15.02 14.97 14.92 14.9 14.79 14.75 14.75 14.63 14.58 14.57 14.51 14.45 14.48 14.55 14.5 14.42 14.38 14.27 14.29 14.39 14.29 14.25 14.17 14.11 14.32 14.71 14.88 15.06 15.12 15.32 15.41 15.48 15.49 15.58 15.71 15.66 15.69 15.73 -9999 -9999 -9999 15.68 -9999 -9999 -9999 -9999 -9999 -9999 -9999 -9999 -9999 -9999 -9999
-9999 -9999 -9999 -9999 -9999 -9999 -9999 -9999 -9999 -9999 -9999 -9999 -9999 -9999 -9999 -9999 -9999 15.29 15.31 15.28 15.27 15.24 15.21 15.21 15.14 15.1 15.1 15.05 14.97 14.95 14.9 14.84 14.8 14.77 14.81 14.86 14.91 14.9 14.86 14.85 14.83 14.76 14.74 14.8 14.79 14.75 14.62 14.6 14.82 15.22 15.43 15.58 15.61 15.65 15.7 15.78 15.88 15.94 15.75 15.77 -9999 -9999 -9999 -9999 -9999 -9999 -9999 -9999 -9999 -9999 -9999 -9999 -9999 -9999 -9999 -9999 -9999
-9999 -9999 -9999 -9999 -9999 -9999 -9999 -9999 -9999 -9999 -9999 -9999 -9999 -9999 -9999 -9999 -9999 -9999 15.32 15.31 15.31 15.31 15.3 15.3 15.28 15.27 15.27 15.28 15.28 15.24 15.22 15.11 14.88 15.01 15.14 15.2 15.28 15.25 15.22 15.13 15.16 15.15 15.08 15.13 15.22 15.17 15.16 15.2 15.29 15.51 15.72 15.78 15.81 15.85 15.86 15.93 15.89 15.84 15.8 -9999 -9999 -9999 -9999 -9999 -9999 -9999 -9999 -9999 -9999 -9999 -9999 -9999 -9999 -9999 -9999 -9999 -9999
-9999 -9999 -9999 -9999 -9999 -9999 -9999 -9999 -9999 -9999 -9999 -9999 -9999 -9999 -9999 -9999 -9999 -9999 -9999 -9999 15.3 15.27 15.29 15.35 15.39 15.45 15.44 15.21 15.58 -9999 -9999 15.21 15.24 15.42 15.42 -9999 -9999 -9999 -9999 -9999 -9999 -9999 -9999 -9999 15.47 15.48 15.47 15.51 -9999 -9999 -9999 -9999 -9999 -9999 -9999 -9999 -9999 -9999 -9999 -9999 -9999 -9999 -9999 -9999 -9999 -9999 -9999 -9999 -9999 -9999 -9999 -9999 -9999 -9999 -9999 -9999 -9999
-9999 -9999 -9999 -9999 -9999 -9999 -9999 -9999 -9999 -9999 -9999 -9999 -9999 -9999 -9999 -9999 -9999 -9999 -9999 -9999 -9999 -9999 15.21 15.42 15.51 15.61 15.64 -9999 -9999 -9999 -9999 -9999 -9999 -9999 -9999 -9999 -9999 -9999 -9999 -9999 -9999 -9999 -9999 -9999 -9999 -9999 -9999 -9999 -9999 -9999 -9999 -9999 -9999 -9999 -9999 -9999 -9999 -9999 -9999 -9999 -9999 -9999 -9999 -9999 -9999 -9999 -9999 -9999 -9999 -9999 -9999 -9999 -9999 -9999 -9999 -9999 -9999
