bio01.asc
ncols         751
nrows         601
xllcorner     124.5
yllcorner     33
cellsize      0.01
NODATA_value  -9999
[rows 374 to 407 of 601, columns 385 to 461 of 751]
13.12 13.02 13.13 13.15 13.11 13.13 13.15 13.17 12.83 13.02 13.04 12.89 12.87 12.56 12.78 12.98 13.08 13.17 13.15 13.09 12.92 12.61 12.56 12.84 13.01 13.18 13.39 13.51 13.53 13.52 13.43 13.29 13.33 12.66 12.43 13.16 13.29 12.99 13.27 13.37 13.43 13.45 13.35 13.08 12.63 12.77 13.24 13.43 13.23 13.33 12.96 13.42 13.2 12.7 12.98 13.02 12.77 12.35 13.05 12.88 13.27 13.44 13.18 13.68 13.75 13.74 13.7 12.77 12.3 12.41 12.12 11.82 12.37 13.55 13.57 13.63 13.77
13.09 13 13.08 13.08 12.92 13 13.04 13.09 13.02 12.99 13.05 13 12.83 12.33 12.44 12.72 13.13 12.95 13.05 13.05 12.89 12.4 12.68 13.08 13.38 13.48 13.58 13.65 13.77 13.8 13.67 13.66 13.75 13.35 12.98 12.79 13.15 12.82 13.37 13.39 13.42 13.44 13.34 12.86 12.75 13.05 13.17 13.46 13.55 13.52 12.9 13.31 13.29 12.77 12.96 13.43 13.25 12.66 12.99 13.28 13.5 13.44 13.25 13.8 13.78 13.76 13.64 12.66 12.9 12.85 12.53 12.2 12.37 13.6 13.68 13.68 13.77
13.05 12.96 12.98 13 12.98 12.94 13.08 13.11 13.07 12.87 12.76 12.92 12.66 12.55 12.83 12.94 13.07 12.98 12.93 13.09 13.04 12.88 12.99 13.48 13.48 13.46 13.69 13.78 13.77 14 14.03 14.07 13.98 13.8 13.66 13.21 12.89 12.73 13.3 13.35 13.39 13.41 13.36 13.12 12.75 13.23 13.26 13.2 13.73 13.55 13.21 13.59 13.57 13.23 13.19 13.68 13.61 13.05 13.38 13.56 13.31 13.74 13.74 13.85 13.83 13.79 13.71 13.4 13.06 12.69 12.62 12.46 12.68 13.72 13.75 13.62 13.74
12.76 12.93 12.88 12.88 12.87 12.98 12.97 13.07 13.05 12.72 12.6 12.77 12.62 12.77 12.68 12.97 12.88 12.75 12.99 13.1 13.27 13.23 13.34 13.64 13.45 13.33 13.48 13.91 14.06 14.12 14.17 14.23 14.09 13.98 13.84 13.59 12.77 12.59 13.26 13.33 13.36 13.39 13.41 13.06 12.93 13.17 13.58 13.58 13.82 13.69 13.75 13.85 13.88 13.77 13.66 13.86 13.87 13.7 13.45 13.84 13.82 13.94 13.96 13.92 13.87 13.82 13.76 13.27 12.71 12.22 12.34 12.47 13.15 13.8 13.71 13.47 13.8
12.7 12.68 12.39 12.17 12.36 12.63 12.72 12.83 12.94 12.62 12.18 12.1 12.1 12.54 12.65 12.85 12.32 11.79 12.15 12.43 13.07 13.31 13.62 13.8 13.8 13.66 13.43 13.88 13.94 13.95 13.95 13.95 13.91 13.85 13.79 13.7 13.29 12.49 12.76 12.55 13.01 13.15 13.15 13.26 13.43 13.55 13.6 13.67 13.68 13.75 13.73 13.73 13.83 13.85 13.87 13.88 13.9 13.9 13.93 13.95 13.97 14 14.02 13.94 13.9 13.83 13.62 13.32 13.14 12.87 12.57 12.77 13.41 13.95 13.89 13.9 14.09
12.07 12.62 11.94 11.51 12 11.9 12.31 12.54 12.93 12.59 12.55 12.46 12.26 11.65 12.02 12.61 12.63 11.51 11.43 12.12 12.85 13.43 13.7 13.83 13.87 13.87 13.81 13.87 13.85 13.78 13.8 13.78 13.79 13.74 13.72 13.66 13.41 12.43 12.32 11.98 12.45 12.53 12.42 12.83 13.43 13.52 13.57 13.63 13.67 13.67 13.71 13.73 13.79 13.83 13.85 13.88 13.89 13.92 13.94 13.96 13.98 14.02 14.06 13.96 13.9 13.83 13.73 13.62 13.54 13.32 13.08 13.59 13.88 13.95 13.95 14.13 14.07
12.18 12.27 12.03 11.57 11.53 11.26 11.96 12.47 12.64 12.76 12.82 12.63 12.51 11.33 11.52 12.4 12.79 12.05 11.6 12.33 12.98 13.57 13.83 -9999 -9999 -9999 -9999 13.7 13.52 13.45 13.55 13.59 13.62 13.67 13.67 13.63 13.38 12.58 11.76 11.58 11.58 12.03 12.74 12.98 13.39 13.55 13.55 13.56 13.57 13.48 13.65 13.7 13.74 13.77 13.82 13.86 13.9 13.91 13.96 13.99 14.01 14.05 14.09 13.96 13.89 13.76 13.39 13.21 13.38 13.12 13.46 13.87 14.05 14.16 14.15 14.28 14.23
12.52 12.1 12.1 12.2 11.91 11.14 11.75 12.45 12.3 12.23 12.67 12.36 12.05 11.8 12.33 12.63 12.56 12.61 12.16 12.68 13.23 13.7 13.97 -9999 -9999 -9999 13.53 13.5 13.04 12.97 13.12 13.37 13.41 13.56 13.6 13.62 13.45 13 12.42 11.89 11.48 12.34 12.52 12.98 13.44 13.52 13.55 13.58 13.47 13.57 13.62 13.65 13.69 13.74 13.78 13.83 13.87 13.93 13.98 14 14.05 14.08 14.11 13.97 13.76 13.52 13.29 12.43 13.09 13.09 13.74 14.07 14.2 14.33 14.36 14.42 14.43
12.77 12.5 12.55 12.3 11.98 11.32 11.38 12.1 12.28 11.5 12.29 12.77 12.58 11.43 11.66 11.45 11.66 12.63 13.06 13.06 13.53 13.8 -9999 -9999 -9999 -9999 13.76 13.35 12.96 13.13 12.57 12.24 12.37 13.1 13.38 13.44 13.27 13.01 12.31 11.75 12.36 12.6 13.01 13.25 13.43 13.38 13.41 13.55 13.55 13.59 13.6 13.63 13.73 13.77 13.81 13.87 13.92 13.95 13.98 14.02 14.07 14.11 14.15 13.96 13.52 13.25 12.69 12.9 13.33 13.79 13.95 14.05 14.32 14.34 14.12 14.39 14.45
12.9 12.45 12.4 12.12 11.92 12.18 11.49 11.36 12.2 11.68 12.39 12.81 12.95 12.51 12.48 12.05 12.14 12.56 13.05 13.25 13.38 13.7 13.78 -9999 -9999 -9999 13.72 13.13 13.13 13.06 13.23 13.06 12.64 12.63 13.07 13.05 12.88 13.02 11.78 11.55 11.44 11.43 12.56 13.01 13.01 13.4 13.57 13.6 13.15 13.15 13.27 13.29 13.7 13.8 13.84 13.88 13.93 13.95 13.98 14.04 14.07 14.13 14.17 13.96 13.53 13.12 12.82 13.53 13.72 13.85 14.13 14.24 14.3 14.12 14.18 14.4 14.52
12.62 12.37 12.57 12.13 12.22 12.37 11.65 11.82 12.26 12.06 12.03 12.77 13.1 12.91 12.69 12.65 12.77 12.78 12.58 13.14 13.48 13.33 13.57 -9999 -9999 -9999 -9999 13.06 13.58 13.09 13.3 13.59 13.35 13.55 13.64 13.5 13.05 12.72 11.83 11.43 11.4 11.44 12 12.21 12.38 12.88 13.26 13.35 13.21 12.91 13.32 13.54 13.51 13.75 13.86 13.9 13.95 13.98 14 14.07 14.09 14.14 14.2 14.02 13.64 13.36 13.21 13.76 13.95 14.08 14.24 14.37 14.17 13.67 13.56 14.25 14.53
12.48 12.54 12.5 12.29 12.66 12.48 12.06 11.92 12.81 12.82 12.49 12.42 12.99 12.74 12.58 13.04 12.95 13.01 12.92 13.31 13.52 13.29 13.25 -9999 -9999 -9999 -9999 -9999 13.84 13.75 13.78 13.77 13.77 13.85 13.87 13.82 13.68 13.42 11.83 12.18 12 12.04 12.5 12.14 12.25 12.79 13.31 13.27 13.36 13.21 13.57 13.76 13.8 13.85 13.88 13.93 13.95 13.99 14.04 14.06 14.11 14.16 14.2 14.11 13.96 13.81 13.76 13.93 13.99 14.13 14.34 14.46 14.31 13.96 13.98 14.18 14.54
12.74 12.68 12.6 12.48 12.31 12.27 11.93 11.83 12.49 12.83 13.14 13.01 13.06 13.12 12.92 13.04 13.23 12.98 13.16 13.35 13.53 13.37 13.15 13.68 -9999 -9999 -9999 -9999 -9999 -9999 -9999 -9999 13.82 -9999 -9999 -9999 13.75 13.3 11.92 12.28 12.58 12.85 13.22 12.9 12.93 12.93 13.05 13.34 13.57 13.55 13.41 13.78 13.83 13.88 13.91 13.95 13.98 14.01 14.05 14.09 14.14 14.18 14.2 14.14 14 13.83 13.67 13.77 13.76 13.88 14.34 14.52 14.43 14.25 14.36 14.38 14.58
12.71 12.65 12.91 12.75 12.62 12.02 11.71 12.07 12.71 12.98 12.97 13.35 13.26 13.42 13.18 13.3 13.2 13.16 13.15 13.36 13.46 13.52 13.57 13.65 -9999 -9999 -9999 -9999 -9999 -9999 -9999 -9999 -9999 -9999 -9999 -9999 -9999 13.23 12.5 12.4 12.62 13.18 13.55 13.35 12.87 12.97 13.11 13.31 13.32 13.37 13.71 13.82 13.88 13.9 13.94 13.98 14 14.03 14.09 14.12 14.13 14.16 14.17 13.81 13.81 13.37 12.98 13.35 13.65 14.05 14.39 14.56 14.53 14.46 14.41 14.52 14.57
12.05 12.43 13.09 13.15 12.98 12.6 12.96 12.68 13.23 13.38 13.42 13.47 13.62 13.69 13.61 13.43 13.2 13.5 13.64 13.48 13.26 13.2 13.32 13.6 -9999 -9999 -9999 -9999 -9999 -9999 -9999 -9999 -9999 -9999 -9999 -9999 -9999 13.27 13.6 13.6 13.4 13.32 13.75 13.81 13.77 13.71 13.44 13.22 13.61 13.7 13.65 13.51 13.51 13.62 -9999 14.05 14.07 14.1 14.14 14.15 14.15 14.05 13.63 13.09 12.88 13.16 13.94 13.87 14.39 14.54 14.57 -9999 -9999 -9999 14.38 14.34 14.48
12.32 12.57 12.53 12.74 13.11 13.24 13.31 13.31 13.42 13.55 13.5 13.6 13.59 13.8 13.68 13.44 13.34 13.6 -9999 -9999 -9999 13.31 13.32 13.54 13.46 -9999 -9999 -9999 -9999 -9999 -9999 -9999 -9999 -9999 -9999 -9999 -9999 13.8 13.74 13.78 13.8 13.55 13.79 -9999 -9999 -9999 13.39 13.4 13.8 13.9 13.71 13.63 13.99 14.02 -9999 14.09 14.12 14.15 14.16 14.15 14.15 14.07 13.65 13.48 13.3 13.54 14.23 14.17 14.5 -9999 -9999 -9999 -9999 -9999 14.5 14.27 14.35
12.76 12.67 12.43 12.83 13.12 13.24 13.44 13.51 13.63 13.7 -9999 -9999 -9999 -9999 -9999 -9999 -9999 -9999 -9999 -9999 -9999 13.28 13.1 13.44 13.4 -9999 -9999 -9999 -9999 -9999 -9999 -9999 -9999 -9999 -9999 -9999 -9999 -9999 13.86 13.88 13.88 -9999 13.82 -9999 -9999 -9999 13.81 13.72 13.85 13.92 13.74 13.8 14.05 14.1 -9999 -9999 14.15 14.2 14.2 14.17 -9999 14.09 14.01 13.83 13.89 14.02 14.18 14.48 14.59 -9999 -9999 -9999 -9999 -9999 -9999 -9999 -9999
12.53 12.59 13.05 12.98 13.19 13.29 13.27 13.34 13.52 13.72 -9999 -9999 -9999 -9999 -9999 -9999 -9999 -9999 -9999 -9999 -9999 -9999 -9999 -9999 -9999 -9999 -9999 -9999 -9999 -9999 -9999 -9999 -9999 -9999 -9999 -9999 -9999 -9999 -9999 -9999 -9999 -9999 -9999 -9999 -9999 -9999 13.73 13.98 -9999 -9999 14.03 14.02 14.07 14.1 -9999 -9999 -9999 14.22 -9999 14.22 -9999 -9999 -9999 14.1 14.18 14 14.1 14.65 -9999 -9999 -9999 -9999 -9999 -9999 -9999 -9999 -9999
12.86 13.07 13.32 13.1 13.28 13.29 13.48 13.46 13.46 13.28 13.56 -9999 -9999 -9999 -9999 -9999 -9999 -9999 -9999 -9999 -9999 -9999 -9999 -9999 -9999 -9999 -9999 -9999 -9999 -9999 -9999 -9999 -9999 -9999 -9999 -9999 -9999 -9999 -9999 -9999 -9999 -9999 -9999 -9999 -9999 -9999 -9999 -9999 -9999 -9999 -9999 -9999 -9999 -9999 14.15 -9999 -9999 -9999 -9999 -9999 -9999 -9999 -9999 14.38 -9999 14.68 14.59 -9999 -9999 -9999 -9999 14.19 14.6 -9999 -9999 -9999 -9999
13.4 13.36 13.44 13.51 13.58 13.49 13.55 13.63 13.72 -9999 -9999 -9999 13.91 -9999 -9999 -9999 -9999 -9999 -9999 -9999 -9999 -9999 -9999 -9999 13.7 -9999 -9999 -9999 -9999 -9999 -9999 -9999 -9999 -9999 -9999 -9999 -9999 -9999 -9999 -9999 -9999 -9999 -9999 -9999 -9999 -9999 -9999 -9999 -9999 -9999 -9999 -9999 -9999 -9999 -9999 -9999 -9999 -9999 -9999 -9999 -9999 -9999 -9999 14.41 14.74 -9999 -9999 -9999 -9999 -9999 -9999 -9999 14.59 -9999 -9999 -9999 -9999
13.31 13.52 13.52 13.54 13.72 13.65 13.75 13.73 -9999 13.67 13.67 13.86 13.73 -9999 -9999 -9999 -9999 -9999 -9999 -9999 -9999 -9999 -9999 -9999 -9999 -9999 -9999 -9999 -9999 -9999 -9999 -9999 -9999 -9999 -9999 -9999 -9999 -9999 -9999 -9999 -9999 -9999 -9999 -9999 -9999 -9999 -9999 -9999 -9999 -9999 -9999 -9999 -9999 -9999 -9999 -9999 -9999 -9999 -9999 -9999 -9999 -9999 -9999 14.61 14.82 -9999 -9999 -9999 -9999 -9999 -9999 -9999 -9999 -9999 -9999 -9999 -9999
13.49 13.6 13.64 13.72 13.78 -9999 -9999 -9999 -9999 -9999 -9999 13.82 13.9 -9999 -9999 -9999 -9999 -9999 -9999 -9999 -9999 -9999 -9999 -9999 -9999 -9999 -9999 -9999 -9999 -9999 -9999 -9999 -9999 -9999 -9999 -9999 -9999 -9999 -9999 -9999 -9999 -9999 -9999 -9999 -9999 -9999 -9999 -9999 -9999 -9999 -9999 -9999 -9999 -9999 -9999 -9999 -9999 -9999 -9999 -9999 -9999 -9999 -9999 -9999 14.88 -9999 -9999 -9999 -9999 -9999 -9999 -9999 -9999 -9999 -9999 -9999 -9999
13.61 13.63 -9999 -9999 -9999 -9999 -9999 -9999 -9999 -9999 -9999 14.01 -9999 -9999 -9999 -9999 -9999 -9999 -9999 -9999 -9999 -9999 -9999 -9999 -9999 -9999 -9999 -9999 -9999 -9999 -9999 -9999 -9999 -9999 -9999 -9999 -9999 -9999 -9999 -9999 -9999 -9999 -9999 -9999 -9999 -9999 -9999 -9999 13.83 -9999 -9999 -9999 -9999 -9999 -9999 -9999 -9999 -9999 -9999 -9999 -9999 -9999 -9999 -9999 -9999 -9999 -9999 -9999 -9999 -9999 -9999 -9999 -9999 -9999 -9999 -9999 -9999
13.54 13.59 13.7 -9999 -9999 -9999 -9999 13.56 13.42 13.27 -9999 13.79 -9999 -9999 -9999 -9999 -9999 -9999 -9999 -9999 -9999 -9999 -9999 -9999 -9999 -9999 -9999 -9999 -9999 -9999 -9999 -9999 -9999 -9999 -9999 -9999 -9999 -9999 -9999 -9999 -9999 -9999 -9999 -9999 -9999 -9999 -9999 -9999 13.36 13.75 -9999 -9999 -9999 -9999 -9999 -9999 -9999 -9999 -9999 -9999 -9999 -9999 -9999 -9999 -9999 -9999 -9999 -9999 -9999 -9999 -9999 -9999 -9999 -9999 -9999 -9999 -9999
13.59 13.68 -9999 -9999 -9999 13.61 13.08 12.31 13.15 12.94 12.75 13.11 13.62 13.88 -9999 -9999 -9999 -9999 -9999 -9999 -9999 -9999 -9999 -9999 -9999 -9999 -9999 -9999 -9999 -9999 -9999 -9999 -9999 -9999 13.64 13.87 13.77 -9999 -9999 -9999 -9999 -9999 -9999 -9999 -9999 -9999 -9999 -9999 -9999 -9999 -9999 -9999 -9999 -9999 -9999 -9999 -9999 -9999 -9999 -9999 -9999 -9999 -9999 -9999 -9999 -9999 -9999 -9999 -9999 -9999 -9999 -9999 -9999 -9999 -9999 -9999 -9999
13.73 -9999 -9999 -9999 -9999 13.64 13.37 12.98 13.15 13.36 13.13 12.96 13.55 13.9 13.92 -9999 -9999 -9999 -9999 -9999 -9999 -9999 -9999 -9999 -9999 -9999 -9999 -9999 -9999 -9999 -9999 -9999 -9999 -9999 13.65 14.02 13.9 -9999 -9999 -9999 -9999 -9999 -9999 -9999 -9999 -9999 -9999 -9999 -9999 -9999 -9999 -9999 -9999 -9999 -9999 -9999 -9999 -9999 -9999 -9999 -9999 -9999 -9999 -9999 -9999 -9999 -9999 -9999 -9999 -9999 -9999 -9999 -9999 -9999 -9999 -9999 -9999
13.73 13.67 13.06 13.26 13.65 13.72 13.53 13.12 13.09 13.43 13.73 13.5 13.65 -9999 -9999 -9999 -9999 -9999 -9999 -9999 -9999 -9999 -9999 -9999 -9999 -9999 -9999 -9999 -9999 -9999 -9999 -9999 -9999 -9999 -9999 -9999 -9999 -9999 -9999 -9999 -9999 -9999 -9999 -9999 -9999 -9999 -9999 -9999 -9999 -9999 -9999 -9999 -9999 -9999 -9999 -9999 -9999 -9999 -9999 -9999 -9999 -9999 -9999 -9999 -9999 -9999 -9999 -9999 -9999 -9999 -9999 -9999 -9999 -9999 -9999 -9999 -9999
13.69 13.6 12.48 12.92 13.59 13.77 -9999 -9999 -9999 -9999 -9999 -9999 -9999 -9999 -9999 -9999 -9999 -9999 -9999 -9999 -9999 -9999 -9999 -9999 -9999 -9999 -9999 -9999 -9999 -9999 -9999 -9999 -9999 -9999 -9999 -9999 -9999 -9999 -9999 -9999 -9999 -9999 -9999 -9999 -9999 -9999 -9999 -9999 -9999 -9999 -9999 -9999 -9999 -9999 -9999 -9999 -9999 -9999 -9999 -9999 -9999 -9999 -9999 -9999 -9999 -9999 -9999 -9999 -9999 -9999 -9999 -9999 -9999 -9999 -9999 -9999 -9999
13.66 13.58 12.66 12.81 13.43 13.82 -9999 -9999 -9999 -9999 -9999 -9999 -9999 -9999 -9999 -9999 -9999 -9999 -9999 -9999 -9999 -9999 -9999 -9999 -9999 -9999 -9999 -9999 -9999 -9999 13.94 -9999 -9999 -9999 -9999 -9999 -9999 -9999 -9999 -9999 -9999 -9999 -9999 -9999 -9999 -9999 -9999 -9999 -9999 -9999 -9999 -9999 -9999 -9999 -9999 -9999 -9999 -9999 -9999 -9999 -9999 -9999 -9999 -9999 -9999 -9999 -9999 -9999 -9999 -9999 -9999 -9999 -9999 -9999 -9999 -9999 -9999
13.62 13.59 13.57 13.5 13.73 13.73 -9999 -9999 -9999 -9999 -9999 -9999 -9999 -9999 -9999 -9999 -9999 -9999 -9999 -9999 -9999 -9999 -9999 -9999 -9999 -9999 -9999 -9999 -9999 -9999 -9999 -9999 13.59 13.98 14.18 -9999 -9999 -9999 -9999 -9999 -9999 -9999 -9999 -9999 -9999 -9999 -9999 -9999 -9999 -9999 -9999 -9999 -9999 -9999 -9999 -9999 -9999 -9999 -9999 -9999 -9999 -9999 -9999 -9999 -9999 -9999 -9999 -9999 -9999 -9999 -9999 -9999 -9999 -9999 -9999 -9999 -9999
13.41 13.27 13.39 13.33 13.53 13.77 13.62 13.8 -9999 -9999 -9999 -9999 -9999 -9999 -9999 -9999 -9999 -9999 -9999 -9999 -9999 -9999 -9999 -9999 -9999 -9999 -9999 -9999 -9999 -9999 -9999 -9999 13.62 13.88 13.78 -9999 -9999 -9999 -9999 -9999 -9999 -9999 -9999 -9999 -9999 -9999 -9999 -9999 -9999 -9999 -9999 -9999 -9999 -9999 -9999 -9999 -9999 -9999 -9999 -9999 -9999 -9999 -9999 -9999 -9999 -9999 -9999 -9999 -9999 -9999 -9999 -9999 -9999 -9999 -9999 -9999 -9999
13.4 13.27 12.7 12.53 12.93 13.57 13.95 14.14 -9999 -9999 -9999 -9999 -9999 -9999 -9999 -9999 -9999 -9999 -9999 -9999 -9999 -9999 -9999 -9999 -9999 -9999 -9999 -9999 -9999 13.84 -9999 -9999 13.59 13.75 13.4 13.42 -9999 -9999 -9999 -9999 -9999 -9999 -9999 -9999 -9999 -9999 -9999 -9999 -9999 -9999 -9999 -9999 -9999 -9999 -9999 -9999 -9999 -9999 -9999 -9999 -9999 -9999 -9999 -9999 -9999 -9999 -9999 -9999 -9999 -9999 -9999 -9999 -9999 -9999 -9999 -9999 -9999
-9999 13.27 12.42 12.5 13.17 13.63 13.94 14.1 -9999 -9999 -9999 -9999 -9999 -9999 -9999 -9999 -9999 -9999 -9999 -9999 -9999 -9999 -9999 -9999 -9999 -9999 12.71 13.51 13.63 13.44 13.69 13.48 13.75 13.57 13.55 13.7 13.97 13.97 -9999 -9999 -9999 -9999 -9999 -9999 -9999 -9999 -9999 -9999 -9999 -9999 -9999 -9999 -9999 -9999 -9999 -9999 -9999 -9999 -9999 -9999 -9999 -9999 -9999 -9999 -9999 -9999 -9999 -9999 -9999 -9999 -9999 -9999 -9999 -9999 -9999 -9999 -9999
-9999 -9999 12.8 12.9 13.24 13.48 13.6 13.84 -9999 -9999 -9999 -9999 -9999 -9999 -9999 -9999 -9999 -9999 -9999 -9999 -9999 -9999 -9999 -9999 -9999 -9999 -9999 13.22 13.11 13.45 13.74 13.51 13.63 13.53 13.52 13.39 13.92 -9999 -9999 -9999 -9999 -9999 -9999 -9999 -9999 -9999 -9999 -9999 -9999 -9999 -9999 -9999 -9999 -9999 -9999 -9999 -9999 -9999 -9999 -9999 -9999 -9999 -9999 -9999 -9999 -9999 -9999 -9999 -9999 -9999 -9999 -9999 -9999 -9999 -9999 -9999 -9999
