bio01.asc
ncols         751
nrows         601
xllcorner     124.5
yllcorner     33
cellsize      0.01
NODATA_value  -9999
[rows 170 to 203 of 601, columns 385 to 461 of 751]
9.98 9.41 9.4 9.65 9.7 9.3 9.45 9.71 9.88 9.79 9.35 8.8 9.11 9.11 8.94 9.51 9.13 9.62 9.95 9.73 9.51 9.04 8.76 8.48 9.04 9.45 9.85 9.82 9.57 9.12 8.6 9.04 9.2 9.41 9.42 8.81 8.35 9.21 9.05 8.82 8.38 8.01 7.8 7.97 8.4 8.5 8.57 8.73 8.5 7.99 7.28 7.44 8.28 8.06 7.72 7.98 7.99 8.04 7.27 7.16 7.51 7.72 8.01 8.48 8.63 8.32 8.15 9.34 9.75 10.02 10.56 10.63 11.35 10.77 10.07 9.97 10.31
9.49 9.05 9.14 9.65 9.67 9.44 9.48 9.88 9.82 9.5 9.24 8.95 9.16 9.33 9.22 9.34 8.94 9.25 9.77 9.92 9.36 8.92 8.94 8.64 9.23 9.64 9.99 9.74 9.84 9.37 8.42 8.53 8.97 9.23 9.34 8.89 8.44 8.67 9.19 8.81 8.2 8.34 7.56 8 8.1 8.24 8.38 8.3 8.67 8.02 7.59 7.39 8.45 8.32 8.24 8.22 7.82 7.75 7.55 7.32 7.44 7.85 7.78 8.38 8.56 8.2 8.44 9.51 10 10.38 10.85 11.02 11.24 10.23 10.07 9.61 10.18
9.6 9.28 9.42 9.63 9.84 9.77 9.82 10.02 9.92 9.71 9.55 9.61 9.33 9.59 9 9.28 9.03 9.63 9.94 10.09 9.94 9.84 9.34 8.92 8.73 9.35 9.99 9.53 9.83 9.48 8.76 8.15 8.98 8.9 9.08 8.72 8.23 8.67 9.31 8.83 8.58 8.56 7.47 7.68 8.15 8.05 7.96 7.95 8.63 8.57 8.43 8.08 8.48 8.13 7.79 7.94 8.1 7.91 7.35 7.25 7.28 7.37 7.46 8.48 8.56 8.24 9.03 9.59 9.77 10.15 10.43 10.86 11.1 10.46 10.3 9.7 9.58
9.58 9.93 9.67 9.56 9.62 9.55 9.92 10.2 9.73 9.89 9.88 9.55 9.77 8.84 8.88 9.74 10.02 10.17 9.77 9.07 8.84 9.53 9.98 9.99 9.98 10.05 9.95 9.21 8.92 8.43 8.02 8.26 8.52 8.51 8.43 8.45 8.64 8.51 9.1 9.11 8.63 8.12 7.73 8.25 8.43 8.07 7.72 8.05 8.01 7.92 8.1 7.89 8.39 8.07 7.82 7.97 7.78 7.55 7.3 7.63 7.97 7.88 7.82 8.46 8.63 8.2 8.45 9.93 9.95 10.02 10.54 11.15 10.85 10.51 10.1 9.65 9.05
10.23 10.19 9.84 9.41 9.74 9.74 9.98 10.16 9.84 10.04 9.96 9.98 9.97 8.74 9.07 9.66 9.86 10.16 9.98 9.31 9.12 10.02 10.03 10.11 10.04 9.62 9.46 8.88 8.95 8.89 8.25 8.41 8.54 8.1 8.5 8.49 8.6 8.67 9.02 9.08 8.88 8.77 8.2 8.36 8.72 8.43 7.88 8.12 7.88 7.62 7.73 8.09 8.26 8.35 8.19 8.18 8.03 7.93 7.62 7.8 8.06 8.07 8.15 8.4 8.63 8.59 9.05 9.65 9.93 10.52 10.82 10.93 10.22 10.27 10.11 9.83 9.36
10.28 10.14 9.84 9.84 9.94 9.69 10.02 10.22 10.23 10.18 10.18 10.04 9.8 8.85 9.2 9.8 9.73 9.89 10.21 9.74 9.13 9.94 10.16 9.97 9.95 9.5 9.14 9.53 9.37 8.73 8.17 8.83 8.71 7.94 8.05 7.97 8.01 8.17 8.7 8.77 8.28 8.46 8.99 8.71 8.55 8.21 8.01 8.06 7.51 7.34 7.62 7.88 7.84 7.97 8.14 7.7 7.49 7.53 7.14 7.63 7.6 7.65 7.98 8.35 8.43 9.13 9.71 10.49 10.55 10.81 11.01 10.59 10.31 9.75 9.43 9.05 9.17
10.38 10.26 10.1 10.12 9.95 9.8 10.02 10.38 10.15 9.98 10.04 10.05 9.77 8.93 9.18 9.81 10.08 9.72 10.2 9.74 9.36 9.29 9.69 9.93 9.88 9.8 9.56 9.28 9.02 8.56 8.61 9.09 8.84 8.18 8.06 8.18 8.23 7.61 8.8 8.49 8.18 8.7 8.95 8.49 8.39 8.05 8.22 8.2 7.66 7.46 7.95 7.95 7.4 7.57 7.99 7.93 7.42 6.93 6.82 7.35 7.58 7.89 8.04 8.4 8.68 9.52 10.02 10.34 10.24 10.73 10.73 10.5 10.23 8.83 8.7 7.97 8.3
10.32 10 10.02 10.05 9.95 9.96 10.27 10.44 10.03 9.48 9.65 9.8 9.34 9.78 9.6 10.33 10.28 10.11 9.92 9.4 9.84 9.58 9.03 9.05 9.36 9.57 9.47 9.07 9.01 9.24 9.38 9.13 8.89 8.81 8.81 8.77 8.02 7.69 8.01 7.3 7.38 7.85 8.02 8.5 8.62 8.55 8.48 8.59 8.4 8.3 8.11 7.81 7.4 7.38 7.42 7.07 7.14 7.2 7.65 7.72 7.58 7.23 7.46 8.23 8.5 9.36 9.46 9.9 10.48 10.78 10.62 10.12 9.37 8.71 8.7 8.08 7.32
10.31 10.27 10.17 10.13 10.26 10.22 10.36 10.4 10.03 9.58 9.73 9.71 9.52 9.68 10.05 10.33 10.37 9.78 9.27 8.7 9.23 9.58 9.17 8.99 9.09 8.97 9.04 9.02 9.36 9.5 9.24 9.03 9.32 8.83 8.76 8.9 8.52 8.02 7.27 6.92 6.77 7.19 7.53 8.05 8.36 8.07 8.43 8.42 8.36 8.23 8.13 8.08 7.19 6.81 6.85 6.59 6.64 7 7.05 7.23 7 7 7.43 8.27 8.89 9.61 10 10.45 10.53 10.5 10.18 10.46 9.97 9.22 8.73 7.69 7.2
10.44 10.32 10.37 10.27 10.38 10.34 10.44 10.43 10.26 10.12 9.86 9.55 9.93 9.63 9.95 10.4 10.37 9.92 9.48 8.87 8.67 9.09 8.6 9.37 8.69 8.75 9.12 8.93 9.38 9.61 9.43 9.4 9.4 9.02 9.09 8.76 8.21 7.78 6.68 6.2 6.01 6.28 7.29 7.18 7.74 7.44 8.11 8.13 8.35 7.99 7.79 7.6 7.05 6.91 6.68 6.7 6.26 6.49 7.55 7.89 7.5 7.12 7.15 8.36 8.9 9.32 9.78 10 10.57 10.28 9.63 9.95 10.19 9.57 8.75 7.87 7.96
10.11 10.23 10.46 10.39 10.48 10.42 10.56 10.53 10.25 10.17 10.23 9.72 9.95 9.24 9.62 10.48 10.24 9.44 8.78 8.86 9.36 9.48 8.98 9.46 8.8 9.05 9.39 9.54 9.66 9.26 8.84 9.15 9.22 8.45 8.57 8.65 8.3 8.06 7.12 7.12 7 6.47 6.47 6.6 6.95 7.28 7.82 7.49 8.19 8.25 8.15 7.51 7.48 7.17 7.21 6.88 6.51 6.96 7.72 8.15 8.23 8.05 7.88 8.42 8.35 8.65 9.08 9.93 10.4 10.01 9.45 9.47 9.88 9.57 8.78 8.13 8.24
10.17 10.38 10.52 10.54 10.49 10.57 10.56 10.49 10.36 10.39 10.51 10.34 10.31 9.43 10.05 10.43 9.92 9.45 9.55 9.78 9.91 9.82 9.82 9.69 9.62 9.61 9.6 9.4 9.39 9.22 8.65 8.77 9.2 8.45 8.18 8.04 7.52 7.39 7.86 8.19 7.84 7.65 6.94 6.68 6.54 7.11 7.12 6.75 7.65 7.49 7.99 8.07 7.5 7 6.89 6.41 6.07 6.51 7.74 7.93 7.99 8.43 8.08 8.3 8.1 8.51 8.99 10.06 10.13 9.88 9.12 8.5 9.13 9.35 8.94 8.42 8.47
10.23 10.38 10.47 10.47 10.48 10.57 10.61 10.42 10.54 10.65 10.65 10.6 10.66 10.56 10.5 10.23 10.34 10.14 10.12 10.05 10 9.67 9.65 9.43 9.34 8.81 8.82 9.34 8.98 8.56 8.17 8.53 8.95 8.42 7.99 8.22 8.24 8.24 8.75 8.67 8.55 8.38 7.64 7.5 7.07 7.27 6.72 6.63 7.05 6.99 7.55 7.55 7.74 7.61 7.4 7.04 6.53 6.96 7.51 8 8.26 8.57 8.24 8.32 7.94 8.52 8.81 9.6 9.98 9.57 8.86 8.66 8.48 8.74 8.95 9.05 9.13
10.31 10.24 10.38 10.45 10.48 10.56 10.48 10.2 10.68 10.72 10.8 10.81 10.9 10.35 10.34 10.09 9.49 9.24 9.65 9.6 9.02 8.46 8.71 8.54 8.81 8.9 8.47 8.64 8.91 9.35 9.48 9.56 9.6 9.2 8.95 8.9 8.85 9.17 8.98 8.45 8.31 8.24 8.27 8.2 7.86 7.39 7.06 6.69 6.69 6.98 6.6 6 6.25 6.24 7.07 6.94 6.05 6.42 7.07 7.7 8.15 8.42 8.67 8.93 8.97 8.74 8.82 8.74 9.01 8.62 8.18 7.91 7.86 8.28 8.25 8.52 8.75
10.22 10.21 10.4 10.34 10.4 10.49 10.49 10.35 10.41 10.38 10.5 10.7 10.79 10.7 10.66 10.18 9.6 9.37 8.88 8.86 8.73 8.3 8.25 8.19 8.38 8.25 8.02 8.4 8.92 9.2 9.21 9.66 9.71 9.53 9.15 9.04 8.71 9.35 8.8 8.7 8.44 8.18 7.82 7.65 7.8 7.88 7.6 7.16 7.76 7.36 7.18 6.91 6.93 6.25 6.55 6.78 6.03 5.7 6.95 7.71 8.21 8.48 8.65 9.06 8.85 8.2 8.3 9.11 8.93 8.7 8.39 7.9 7.41 8.07 8.72 9.12 9.26
10.16 10.09 10.35 10.37 10.3 10.37 10.42 10.35 10.42 10.07 10.23 10.5 10.5 10.52 10.67 10.18 9.85 9.38 9.39 9.46 9.35 9.18 8.8 9.04 9.14 8.82 8.27 8.78 9.24 9.3 9.35 9.58 9.68 9.73 9.46 8.96 9.22 8.98 7.76 7.73 7.75 7.8 7.53 7.37 7.87 8.16 7.86 7.59 8.2 8.01 7.72 7.57 7.49 6.79 6.45 6.63 6.28 6.43 6.92 7.47 8.02 8.32 8.58 9 8.6 7.93 8.33 8.94 8.97 8.46 7.98 7.69 7.7 8 8.68 9.16 9.54
10.16 9.89 10.19 10.3 10.3 10.16 10.34 10.35 10.12 10.02 10.28 10.32 10.24 10.43 10.43 10.24 10.33 10.22 10.14 9.96 9.69 9.41 9.14 9.67 9.6 8.94 8.77 8.75 9.3 9.4 8.98 8.96 9.38 9.59 9.6 9.7 9.63 8.94 7.83 7.61 7.86 7.5 7.24 7.43 7.23 8.28 7.76 7.6 8.38 8.38 8.11 8.03 7.38 6.99 6.48 6.52 6.67 7.27 7.25 7.75 7.81 7.87 8.51 8.92 8.9 8.51 8.67 9.05 8.78 8.75 8.58 8.5 8.35 7.94 8.3 8.68 8.89
10.13 9.55 9.64 10.2 10.24 10.3 10.2 10.11 10.06 9.77 10.02 10.02 9.72 8.82 8.67 8.8 9.4 10.25 10.48 10.15 10.18 10.09 10.3 10 9.88 9.88 9.93 9.15 9.42 9.69 9.25 9.68 9.76 9.18 9.23 9.16 8.9 9.33 9.32 9.1 8.65 8.64 8.6 8.82 8.99 8.93 8.87 8.6 8.46 7.43 6.8 6.34 7.07 7.57 7.47 7.08 7.23 7.73 7.97 8.15 8.3 8.48 8.48 8.6 8.82 9.1 8.53 8.78 9.09 9.14 8.89 8.72 8.68 8.24 8.54 9.25 9.1
10.18 9.69 9.48 10.19 10.42 10.26 10.11 10.05 10.1 9.79 9.79 9.75 9.2 8.2 8.98 9.75 10.19 10.41 10.51 10.49 10.31 10.31 10.12 10 10.05 10.08 10.02 9.95 9.85 9.96 9.9 9.8 9.67 8.38 8.37 8.33 8.3 8.87 9.29 9.36 9.31 9.17 9.08 8.93 8.35 8.31 8.45 8.5 8.48 8.34 7.52 6.93 7.45 7.4 7.32 7.52 7.62 7.66 7.68 7.81 8.08 7.98 7.92 8.48 8.75 9.07 8.62 8.36 9.04 9.1 8.79 8.88 8.49 8.15 8.68 9.52 9.54
10.35 9.88 9.69 10.25 10.35 10.47 10.43 10.1 10.15 10.1 9.9 9.53 9.06 8.77 9.54 10.02 10.59 10.57 10.48 10.19 10.06 9.85 9.63 9.57 9.36 9.98 9.58 9.71 9.67 9.86 9.85 9.88 9.91 9.06 8.55 8.2 8.19 8.74 8.74 8.89 8.9 9.11 9.1 8.52 8.01 7.69 8.18 8.27 8.1 8.4 8.35 8.18 7.69 7.18 7.15 6.98 6.92 7.12 7.1 7.63 7.48 7.25 7.45 8.53 8.76 9.02 8.59 8.58 9.15 8.72 8.08 8.43 8.63 8.28 8.85 9.09 9.65
10.5 10.39 9.87 10.3 10.43 10.42 10.5 10.19 10.13 10.24 9.8 9.38 9.11 9.27 9.86 10.32 10.57 10.05 9.88 9.96 9.5 9.5 9.11 8.94 9.17 9.9 9.31 9.28 9.39 9.2 9.25 9.43 9.64 9.57 9.18 8.68 8 8.06 8.03 8.27 8.73 8.73 8.75 8.93 8.51 7.96 7.65 7.77 7.79 7.7 7.9 7.8 8 7.96 7.29 6.3 5.9 6.25 6.82 6.85 6.83 6.77 7.69 8.07 8.8 9.12 9.11 8.83 9.01 9.24 9 8.93 8.8 8.03 7.61 8.51 8.99
10.2 10.36 10.21 10.15 10.45 10.51 10.52 10.48 10.25 10.28 9.84 9.66 9.32 9.56 10.05 10.44 10.55 9.94 9.66 9.69 9.23 8.95 8.78 8.45 9.27 9.85 9.39 8.6 9.25 9.01 8.71 8.7 9.05 9.48 9.21 8.98 8.64 7.97 7.63 7.98 8.35 8.58 7.86 8.3 8.6 8.6 8.45 8.07 7.4 7.11 7.32 7.17 7.45 8.08 7.48 6.83 5.99 5.74 5.99 6.15 6.6 7.33 7.7 8.2 8.78 8.84 9.02 9.23 9.24 9.25 9.05 8.4 8.28 7.61 7.58 8.12 8.74
10.14 10.1 10.16 9.63 10.05 10.35 10.35 10.5 10.45 10.04 9.8 10.06 9.61 10.52 10.57 10.6 10.49 9.98 9.67 9.31 9.02 8.52 7.95 8.8 9.28 9.65 9.1 8.61 9.01 8.71 8.29 8.52 8.98 9.4 8.83 8.68 8.69 8.34 8.08 7.88 7.81 8 7.97 7.92 7.98 7.82 7.93 8.17 7.47 6.96 7.12 7.12 7.8 8.1 7.85 7.42 6.68 6.05 6.87 7.19 7.38 7.81 8.28 8.55 8.48 8.45 8.55 9.13 9.31 9.27 8.79 8.26 7.6 8.35 8.58 8.7 8.49
10.49 10.55 10.71 10.47 9.95 9.58 10.21 10.4 10.5 10.38 10.51 10.49 10.48 10.59 10.36 10.18 10.15 10.27 10.2 9.92 9.71 9.46 9.23 8.96 9.27 9.48 9.48 8.48 8.28 8.37 8.07 8.17 8.68 8.86 8.61 8.88 8.69 9.08 8.92 9.02 9.05 8.75 8.3 7.95 7.8 7.52 7.71 7.67 7.03 7.54 7.74 7.93 7.93 7.57 7.36 6.95 6.45 7.11 7.93 8.2 8.31 8.39 8.58 8.2 8.23 8.38 8.94 8.56 8.63 9.06 9.26 8.7 8.75 8.9 8.39 8.45 8.55
10.5 10.7 10.76 10.59 10.2 9.65 10.29 10.64 10.15 10.2 10.07 9.89 10.02 10.4 10.45 10.13 9.76 9.73 9.85 9.63 8.94 8.74 8.76 8.57 8.85 9.2 9.55 9.13 8.92 8.45 7.82 7.99 8.2 8.55 8.34 8.58 8.48 8.27 8.77 8.38 8.84 8.93 8.43 8 7.77 7.94 8.29 7.86 6.76 7 7.53 7.81 7.39 7.73 7.47 7.08 6.93 7.18 7.59 7.89 7.85 7.97 8.16 8.7 8.87 8.95 8.96 9.1 9.07 9.45 9.05 8.83 9.08 8.69 8.76 8.95 9.03
10.74 10.58 10.73 10.73 10.55 10.24 10.55 10.53 9.82 9.69 9.52 9.14 9.43 10.07 10.05 10.23 9.95 9.27 9.06 9.49 9.28 9.09 8.71 8.38 8.84 9.23 9.34 9.3 9.34 9.11 8.65 8.5 8.28 7.65 7.84 8.25 8.12 7.71 8.44 8.35 8.69 8.38 8.84 8.56 8.52 8.5 8.22 8.05 7.33 6.94 7.25 7.63 6.9 7.41 7.36 7.7 7.82 7.99 7.69 7.42 7.17 7.5 7.79 8.42 8.78 9.01 8.82 8.36 8.64 9.25 9.44 9.44 9.34 9.03 9.13 9.08 8.82
10.57 10.4 10.49 10.67 10.7 10.67 10.67 10.37 9.85 9.45 9.04 8.79 9.24 9.9 9.7 10.02 9.97 8.79 8.45 8.87 8.93 8.5 8.37 8 8.54 9.25 9.04 8.56 8.86 9.07 9.22 9.12 8.66 7.99 7.4 7.57 7.43 7.34 7.82 8.12 8.44 8.38 8.45 8.72 8.58 8.22 7.97 7.99 8.31 7.84 7.85 7.83 7.52 7.6 7.16 7.66 8.08 8.45 7.99 8.08 7.52 7.05 7.54 8.25 8.73 8.73 8.39 8.41 8.92 9.1 9.32 9.6 9.4 9.13 9.03 8.63 8.73
10.52 10.62 10.41 10.57 10.74 10.68 10.31 9.85 10.1 9.85 9.39 9.18 9.48 9.65 9.53 9.72 9.67 8.94 8.18 8.09 8.15 7.68 7.47 8.36 8.8 9.24 8.96 8.23 8.13 8.45 8.52 8.89 9.1 8.5 7.9 7.41 7.57 8 7.46 7.71 8.01 8.36 8.27 8.25 8.48 8.57 8.57 8.57 8.27 8.35 8.57 8.28 8.23 8.25 7.51 7.45 7.88 8.29 8.6 8.2 7.62 7.38 7.37 8.35 8.68 8.39 7.93 8.7 8.71 8.87 9.5 9.47 8.72 8.45 8.67 8.4 8.18
10.95 10.87 10.75 10.68 10.29 9.65 9.63 9.3 9.45 9.76 9.63 9.36 9.04 8.57 8.3 8.79 8.72 9.37 8.9 8.61 8.57 8.3 7.93 8.77 8.96 8.8 8.77 8.36 8.33 8.53 8.91 8.73 8.33 8.49 8.5 8.69 9.15 9.41 9.02 8.91 8.73 8.53 7.4 7.71 8.35 8.88 9.32 9.4 8.68 8.44 9.06 8.68 9.1 8.65 8.06 8.06 8.43 8.27 9.02 8.78 8.35 7.9 7.85 8.31 8.03 7.75 8.15 8.28 8.6 8.81 8.98 9.06 9.53 8.98 8.55 7.95 8.05
10.99 10.9 10.73 10.78 10.48 10.31 10.18 9.61 9.63 9.5 9.15 9.09 8.65 7.7 7.43 7.87 8.28 8.92 9.07 8.73 8.37 8.2 8.11 8.71 8.58 8.57 8.81 8.72 8.78 9.32 9.64 9.64 9.43 9.35 9.01 9 9.39 9.35 9.47 9.44 9.28 9.04 8.15 8.37 8.49 8.99 9.25 9.48 9.35 8.88 9.02 9.31 9.26 8.55 7.8 7.88 8.6 8.85 9.26 8.72 8.27 8.5 8.42 8.66 8.4 7.92 8.06 8.47 8.31 8.68 8.79 9.01 9.55 9.08 8.66 8.25 8.57
11.05 11 10.82 10.8 10.17 10.17 10.44 10.13 9.95 9.62 9.27 8.65 7.99 7.11 6.77 7.25 7.67 8.2 8.53 8.57 8.04 8.3 8.92 9.01 8.63 8.77 9.15 9.32 9.41 9.82 10.06 10.14 10.09 9.38 9.23 9.74 9.98 9.88 9.57 9.02 8.63 8.56 8.63 8.92 9.06 9.24 9.37 9.41 9.68 9.57 9.15 9.15 9.35 8.83 8.17 7.62 7.98 8.33 8.99 9.23 8.91 8.64 8.73 8.83 8.82 8.47 8.13 8.8 8.43 8.27 8.32 8.9 9.48 9.46 9.07 8.8 8.57
11.06 10.96 10.61 10.35 9.78 9.7 10.06 10.26 9.95 9.6 9.08 8.65 8.18 7.36 6.88 6.59 6.83 7.8 8.12 8.01 8.26 8.82 9.41 9.4 9.27 9.32 8.99 9.9 10.03 10.14 10.34 10.4 10.35 10.06 9.98 10.12 10.13 10.22 9.79 9.48 9.21 8.9 8.42 8.47 8.48 8.55 8.8 9.02 9.6 9.77 9.73 9.47 9.5 8.84 8.47 8.42 8.4 8.36 9.01 9.42 9.3 8.95 9.02 8.98 9.23 8.74 8.82 9 8.46 7.86 8.29 8.78 9.21 9.7 9.57 9.12 8.77
11 10.82 10.35 10.29 10.42 10.35 10.05 9.68 9.57 9.12 8.69 8.6 8.03 7.92 7.41 6.99 6.63 7.63 8.14 8.6 9.16 9.59 9.78 10.05 10.23 10.07 10.15 10.46 10.57 10.55 10.61 10.61 10.53 10.48 10.49 10.48 10.44 10.45 10.48 10.23 10.06 9.82 9.82 9.55 9.02 8.29 7.7 7.99 9.23 9.29 9.34 9.61 9.98 9.97 9.81 9.71 9.38 9.05 8.94 8.68 8.81 9.3 9.74 9.32 9.54 9.76 9.46 8.81 9.18 8.74 8.34 8.74 8.63 9.62 9.78 9.6 9.53
10.73 10.77 9.8 9.84 10.05 9.99 10.01 9.91 8.82 8.73 8.41 7.97 7.52 7.45 7.13 6.56 6.81 7.82 8.04 8.58 9.1 9.42 9.77 9.68 10.05 10.4 10.52 10.63 10.68 10.59 10.6 10.6 10.53 10.57 10.58 10.53 10.38 10.3 10.53 10.42 10.29 10.14 9.72 9.42 9.01 8.7 8.66 8.4 8.87 8.93 8.86 9.2 9.52 9.84 9.92 10.08 9.92 9.62 9.26 9.12 9.01 9.49 9.84 9.3 9.55 9.85 9.58 9.09 9.52 8.98 8.66 9.26 8.98 9.44 9.71 9.25 9.3
